0.0024603
0.0024199
0.0024221
0.0024242
0.0024262
0.002428
0.0024297
0.0024312
0.0024325
0.0024338
0.0024349
0.0024358
0.0024366
0.0024373
0.0024378
0.0024382
0.0024385
0.0024386
0.0024386
0.0024384
0.0024381
0.0024377
0.0024372
0.0024365
0.0024357
0.0024348
0.0024337
0.0024325
0.0024312
0.0024298
0.0024282
0.0024265
0.0024247
0.0024228
0.0024208
0.0024186
0.0024164
0.002414
0.0024115
0.0024089
0.0024061
0.0024033
0.0024003
0.0023973
0.0023941
0.0023908
0.0023875
0.002384
0.0023804
0.0023767
0.0023729
0.002369
0.002365
0.0023609
0.0023567
0.0023524
0.002348
0.0023435
0.002339
0.0023343
0.0023295
0.0023247
0.0023197
0.0023147
0.0023096
0.0023044
0.0022991
0.0022937
0.0022882
0.0022827
0.002277
0.0022713
0.0022655
0.0022597
0.0022537
0.0022477
0.0022416
0.0022354
0.0022291
0.0022228
0.0022164
0.0022099
0.0022033
0.0021967
0.00219
0.0021833
0.0021764
0.0021695
0.0021626
0.0021555
0.0021484
0.0021413
0.0021341
0.0021268
0.0021194
0.002112
0.0021045
0.002097
0.0020894
0.0020818
0.002074
0.0020663
0.0020585
0.0020506
0.0020426
0.0020346
0.0020266
0.0020185
0.0020104
0.0020022
0.0019939
0.0019856
0.0019773
0.0019688
0.0019604
0.0019519
0.0019433
0.0019348
0.0019261
0.0019174
0.0019087
0.0018999
0.0018911
0.0018822
0.0018733
0.0018643
0.0018554
0.0018463
0.0018372
0.0018281
0.0018189
0.0018097
0.0018005
0.0017912
0.0017819
0.0017725
0.0017631
0.0017537
0.0017442
0.0017347
0.0017252
0.0017156
0.001706
0.0016963
0.0016867
0.0016769
0.0016672
0.0016574
0.0016476
0.0016377
0.0016278
0.0016323
0.0015638
0.0015582
0.0015525
0.0015466
0.0015407
0.0015346
0.0015285
0.0015223
0.0015159
0.0015095
0.001503
0.0014964
0.0014897
0.001483
0.0014761
0.0014692
0.0014622
0.0014551
0.0014479
0.0014407
0.0014334
0.001426
0.0014185
0.001411
0.0014035
0.0013958
0.0013881
0.0013804
0.0013725
0.0013647
0.0013567
0.0013488
0.0013407
0.0013326
0.0013245
0.0013163
0.0013081
0.0012999
0.0012916
0.0012832
0.0012749
0.0012664
0.001258
0.0012495
0.001241
0.0012325
0.0012239
0.0012153
0.0012067
0.0011981
0.0011895
0.0011808
0.0011721
0.0011634
0.0011547
0.0011459
0.0011372
0.0011284
0.0011197
0.0011109
0.0011021
0.0010933
0.0010845
0.0010758
0.001067
0.0010582
0.0010494
0.0010406
0.0010318
0.0010231
0.0010143
0.0010055
0.00099679
0.00098806
0.00097934
0.00097063
0.00096193
0.00095325
0.00094458
0.00093594
0.00092731
0.0009187
0.00091011
0.00090155
0.000893
0.00088448
0.00087599
0.00086752
0.00085908
0.00085066
0.00084228
0.00083392
0.00082559
0.00081729
0.00080903
0.0008008
0.0007926
0.00078443
0.0007763
0.0007682
0.00076014
0.00075212
0.00074414
0.00073619
0.00072828
0.00072041
0.00071258
0.00070479
0.00069704
0.00068934
0.00068167
0.00067405
0.00066647
0.00065894
0.00065145
0.000644
0.0006366
0.00062924
0.00062193
0.00061466
0.00060744
0.00060027
0.00059314
0.00058606
0.00057903
0.00057205
0.00056511
0.00055822
0.00055138
0.00054459
0.00053785
0.00053115
0.00052451
0.00051791
0.00051137
0.00050487
0.00049842
0.00049203
0.00048568
0.00047938
0.00047313
0.00046694
0.00046079
0.00045469
0.00044864
0.00044264
0.0004367
0.0004308
0.00042495
0.00041915
0.00041518
0.0003667
0.00036367
0.00036063
0.00035757
0.00035449
0.0003514
0.00034829
0.00034517
0.00034204
0.00033889
0.00033574
0.00033257
0.00032939
0.0003262
0.00032301
0.0003198
0.00031659
0.00031338
0.00031015
0.00030692
0.00030369
0.00030045
0.00029722
0.00029397
0.00029073
0.00028749
0.00028424
0.000281
0.00027775
0.00027451
0.00027127
0.00026804
0.0002648
0.00026157
0.00025835
0.00025513
0.00025192
0.00024871
0.00024551
0.00024232
0.00023914
0.00023596
0.0002328
0.00022964
0.0002265
0.00022336
0.00022024
0.00021713
0.00021403
0.00021094
0.00020787
0.00020481
0.00020177
0.00019874
0.00019573
0.00019273
0.00018974
0.00018678
0.00018383
0.0001809
0.00017799
0.00017509
0.00017221
0.00016936
0.00016652
0.0001637
0.0001609
0.00015812
0.00015536
0.00015262
0.00014991
0.00014721
0.00014454
0.00014189
0.00013926
0.00013666
0.00013407
0.00013151
0.00012898
0.00012646
0.00012397
0.00012151
0.00011907
0.00011665
0.00011426
0.00011189
0.00010955
0.00010723
0.00010494
0.00010268
0.00010044
9.8221e-05
9.6031e-05
9.3867e-05
9.173e-05
8.9618e-05
8.7532e-05
8.5472e-05
8.3439e-05
8.1432e-05
7.9452e-05
7.7497e-05
7.5569e-05
7.3668e-05
7.1793e-05
6.9944e-05
6.8122e-05
6.6326e-05
6.4557e-05
6.2814e-05
6.1098e-05
5.9408e-05
5.7744e-05
5.6106e-05
5.4495e-05
5.291e-05
5.135e-05
4.9818e-05
4.831e-05
4.6829e-05
4.5373e-05
4.3944e-05
4.2539e-05
4.116e-05
3.9806e-05
3.8478e-05
3.7174e-05
3.5896e-05
3.4642e-05
3.3413e-05
3.2208e-05
3.1029e-05
2.9872e-05
2.8741e-05
2.7632e-05
2.6548e-05
2.5487e-05
2.4449e-05
2.3435e-05
2.2443e-05
2.1474e-05
2.0528e-05
1.9604e-05
1.8702e-05
1.7823e-05
1.6964e-05
1.6128e-05
1.5313e-05
1.4519e-05
1.3745e-05
1.2932e-05
0
0
0
0
0
